Image Name  :	C - 0.00 - 3600.00 Secs [X1]																																																																																															
Image Info  : 	"1280 x 1024, 16 bits"																																																																																															
Date        :	"Monday, 14 May 1832"																																																																																															
Time        : 	08:32:12																																																																																															
																																																																																																
Total Intensity																																																																																																
																																																																																																
Frame	1	2	3	4	5	6	7	8	9	10	11	12	13	14	15	16	17	18	19	20	21	22	23	24	25	26	27	28	29	30	31	32	33	34	35	36	37	38	39	40	41	42	43	44	45	46	47	48	49	50	51	52	53	54	55	56	57	58	59	60	61	62	63	64	65	66	67	68	69	70	71	72	73	74	75	76	77	78	79	80	81	82	83	84	85	86	87	88	89	90	91	92	93	94	95	96
																																																																																																
1	1499	1466	1564	4012	1573	2895	1863	3013	1711	1039	1318	2296	2189	1900	1778	2274	2045	1661	2103	1847	1362	1182	1339	2007	2715	1757	1990	1444	1793	1539	2272	1616	1599	1467	2282	1813	1499	923	2103	1467	2097	2799	2195	5043	1105	995	1450	971	1776	1687	2403	2364	888	966	1668	1604	1596	1530	2403	2214	1403	1101	1076	1138	2553	2210	2037	1864	1985	1538	1545	1219	1289	2510	3853	2116	2160	1797	2843	1187	948	1624	2022	2390	1867	1452	1374	1812	1274	1324	2309	2193	2862	2290	1425	2263
2	1311	1629	1372	3249	2014	2949	1847	2763	1386	767	947	2193	1710	1958	1509	1590	1961	1550	2026	1687	1327	1191	1053	2123	2111	1633	2228	1821	1658	1881	1749	1656	1540	1456	2401	1930	1805	1077	1947	1377	2089	2675	2524	1752	1081	986	1304	751	1342	1637	2375	833	1039	898	2405	1478	1379	1312	2239	2251	1220	1034	1161	996	2151	1651	2148	2125	1793	1417	1586	991	1284	2284	3619	1640	2352	1887	2564	1252	950	1552	1781	1946	1646	1737	1414	2242	1203	1459	2318	2204	2571	1825	1179	2552
3	1252	1362	1316	2347	1748	1954	1863	2580	1414	737	959	3251	1718	1793	1320	1671	1570	1640	2039	1579	1250	1053	1131	2628	2125	2247	2120	1822	1755	1637	1846	1607	1758	1462	2836	2136	1636	1301	2281	1386	1959	2586	2687	1729	951	940	1298	596	1372	1544	3420	1591	826	923	1297	1494	1268	1166	2340	1927	1114	1181	1065	1123	1822	1691	1909	1095	1796	1453	1459	966	1325	2187	2996	1923	1570	2686	2532	6883	888	1593	1704	1968	1723	3167	1357	11535	1198	1370	1954	2191	2497	1777	1138	14068
4	1317	1360	1415	2504	1971	2644	2970	4417	1251	705	1000	2115	1531	1617	1624	1461	1562	1468	2312	1551	1320	1145	1556	2027	2194	1857	2242	1639	1708	1496	2444	1545	2754	2271	4165	1741	1621	961	2531	1203	2004	2372	2221	1625	861	840	1548	599	1242	1418	2268	918	789	891	1358	1762	1107	1059	2307	1730	1027	1180	1125	881	1767	1563	1859	1009	1800	1299	1470	1231	1020	2030	2816	2965	2023	1733	2719	22198	831	1535	1769	1924	1680	1565	1355	32314	1018	1132	1881	1996	2583	1609	1226	34445
5	1122	1552	2964	1553	1313	1658	7022	2636	1233	658	919	2208	1618	1662	4508	1530	1597	1489	4264	1579	1284	1136	3398	1681	2307	1513	2342	1645	1665	1853	4823	1554	6650	5453	10526	1641	1476	944	6143	1153	1933	2227	2114	1512	929	848	3384	627	1367	1441	1961	895	885	872	2276	1528	1107	1120	2304	1951	1084	1024	1963	827	1527	1482	1800	980	1588	1171	2337	1440	1238	2583	3805	1643	1824	1421	2460	26234	828	1396	1690	1912	1726	1274	1427	36556	975	1212	2306	2023	2373	1618	1113	36001
6	1196	1263	5897	2273	1318	1824	13194	2223	1193	714	943	2161	1533	2483	10582	1608	1487	1307	7515	1654	1200	1081	8022	1677	1964	1544	2077	1522	1701	1550	10484	1535	14517	12545	17668	1840	1369	954	14076	1024	2018	2026	2064	1567	1025	745	7779	658	1200	1408	2168	918	970	882	3414	1275	995	1013	2178	1744	1013	849	3786	894	1335	2656	1727	941	1650	1158	5459	1040	965	1857	2908	1527	1398	1491	2435	19249	800	1471	1716	1845	1428	1243	1513	26845	906	1409	1845	2181	2272	1419	1018	25990
7	1196	1326	11273	1850	1594	1629	21606	2076	1175	632	945	2721	1452	1830	17889	1515	1608	1194	11260	1498	1205	1118	13611	1689	1860	2277	2776	1321	1795	1815	15466	1699	19788	16835	21207	1686	1330	1053	22730	1057	1798	2017	2043	1537	766	811	13371	649	1194	1269	1834	907	818	1194	6898	1282	980	994	2057	1816	1079	878	6037	821	1320	1417	1567	943	1603	1183	8644	1060	931	1655	2681	2050	1287	1296	1995	13464	741	1485	1519	1731	1530	1175	1413	19066	831	1082	1617	1917	2088	1404	1164	17803
8	1294	1206	13363	1044	1673	1279	24103	2046	1164	652	1264	1844	1939	1532	19687	1353	1442	1251	15994	1498	1300	1096	17648	1631	1805	1454	1779	1154	1889	1439	18874	1496	18878	16631	20127	1640	1274	1064	25452	959	1775	2722	1920	1594	804	830	15970	677	1212	1228	1808	992	819	958	9110	1869	919	977	2011	1695	1024	840	8478	787	1640	1290	1542	896	1648	1088	11878	912	902	1667	2610	1449	1385	1731	2146	8858	701	1235	1468	1833	1403	1185	1317	13284	760	1043	1576	1830	2002	2233	935	13687
9	1138	1114	14245	972	1561	2119	22559	1858	1048	646	1362	1955	1333	1592	17634	1268	1360	1234	17147	1497	1265	1078	16010	1566	1950	1401	1729	1285	2208	1472	18708	1458	15696	13714	17830	1559	1271	1115	23862	957	2092	2101	1838	1542	816	783	16749	600	1235	1164	1869	1081	885	953	10985	1204	841	966	1909	2150	986	864	8490	810	1028	1338	1498	858	1569	1131	14013	896	862	1646	2516	1318	1280	1179	2167	7922	656	1186	1455	1683	1345	1032	1194	11434	732	1047	1479	1834	2187	1197	947	11138
10	1054	1226	14052	1037	1184	1067	19746	1843	987	599	1619	3140	1367	1448	14975	1203	1311	1278	15683	1552	1362	1052	13664	1657	1896	1414	1725	1370	1872	1550	17270	1438	13998	11747	14074	1527	1268	864	20566	1079	1615	1822	1670	1612	752	804	14980	695	1072	1193	1827	1245	1445	1120	8833	1277	789	978	1869	1906	964	817	8243	744	1001	1264	1439	865	1482	1280	12414	803	865	1645	2273	1567	1360	1078	1986	7739	680	1137	1453	1807	1435	978	1203	10398	728	988	1641	1914	1895	1185	1378	10401
11	1097	1121	13181	1385	1034	1027	16278	1794	921	585	1572	2794	1393	1380	11994	1169	1540	1237	13412	1495	1196	1015	11433	1437	1769	1459	1782	1267	2257	1609	14480	1293	11204	9891	11593	1344	1175	835	17445	1027	1578	1731	1787	1391	780	796	12323	553	1015	1287	1699	1432	1155	1588	8166	1220	739	893	1911	1940	1049	798	7949	737	1195	1158	1427	931	1396	1122	11585	819	889	1585	2448	1343	1232	1338	1864	7249	711	1096	1397	1713	1527	1086	1063	10292	684	991	2010	2096	1850	1124	828	9557
12	1077	1410	12018	921	1125	1055	14344	2343	947	904	1747	1825	1344	1350	10716	1438	1410	1498	14205	1567	1110	1012	9889	1425	1821	1258	1831	1477	1430	1799	11532	1180	10291	8224	9379	1342	1176	826	14137	960	1637	1631	1782	1447	745	716	11936	576	997	1082	1677	2077	1379	1537	8438	1169	834	887	1800	1499	1049	766	6901	700	822	1195	1562	1000	1493	1356	10129	825	756	1375	2287	1221	1531	1097	1688	6490	667	1065	1571	1864	1194	869	952	10434	643	892	1378	2282	2057	1106	975	8933
13	1147	1102	10268	1057	1269	1667	12732	1646	880	550	2153	1662	1222	1294	9618	1210	1393	1214	10717	1541	1160	988	8646	1430	1433	1295	2094	1193	1647	1654	10629	1231	8025	7053	8214	1226	1187	870	12597	947	1360	1987	1567	1462	668	715	9404	510	956	992	1552	1926	1695	2082	7188	1075	782	860	1961	1446	901	814	6533	714	784	1154	1612	875	1361	1094	8775	929	703	1335	2063	1616	1585	1058	1593	5651	660	1014	1273	1960	1254	871	1003	9519	651	835	1347	2109	1839	1100	1018	8297
14	1402	1080	9348	765	1688	2215	11193	1736	885	522	2260	1795	1316	1401	8549	1137	1258	1081	9193	1455	1128	962	7663	1437	1356	1658	1539	1154	1517	1437	9029	1258	7169	6335	7310	1259	1119	745	10752	883	1394	1536	1637	1288	754	967	7890	463	914	1146	1409	2390	1850	2719	6740	1135	733	897	1718	1418	805	746	5956	611	758	1106	2252	802	1292	1225	7784	750	758	1334	1924	1212	1765	1837	1452	4941	615	945	1224	1780	1109	1100	1115	8326	586	817	1462	2142	1510	1038	772	7251
15	1296	1161	7364	732	1186	852	10339	2009	902	513	2031	1696	1161	1371	7276	1098	1274	1062	7852	1509	1080	947	6674	1408	1341	1186	1479	1381	1692	1169	7903	1186	5953	6147	6541	1220	1076	713	9135	794	1270	1396	1513	1297	669	646	7108	453	902	1271	1512	2409	2536	2405	6259	1066	689	907	1729	1270	1018	751	5545	753	863	1217	1302	771	1286	998	6654	1461	608	1321	1897	1435	2391	917	1583	4263	625	929	1228	1675	1119	849	1146	7336	600	952	1302	2144	1625	964	740	6185
16	1017	1159	6425	905	1765	960	8648	1546	955	521	1876	1721	1214	1899	6842	1230	1566	1107	6627	1489	1133	1051	5943	2009	1413	1094	1486	1337	1616	1396	7102	1137	5484	5686	5704	1842	1336	767	8437	925	1212	1290	1733	1322	610	643	6131	438	2527	1065	1370	2578	2145	2260	5348	1270	692	808	1639	1260	783	812	4633	687	774	1154	1187	694	1182	984	6323	749	687	1235	1765	1420	1158	1140	1569	3114	579	950	1097	1648	1047	990	1246	6237	720	1013	1226	2276	1607	1030	716	5577
17	1069	994	6002	1184	1590	872	8172	1640	818	508	1840	1552	1636	1889	6117	995	1234	1051	6109	1618	1103	994	6071	1378	1355	1024	1337	1212	1352	1286	6800	1038	5044	5114	5544	1426	1070	735	8096	674	1226	1438	1527	1362	688	866	7116	461	878	982	1472	2840	2246	2411	4938	1034	667	820	1639	1605	774	762	4257	816	739	1203	1211	733	1563	941	5919	656	682	1243	1768	1410	1210	971	1453	2821	546	936	1142	1770	979	919	1032	5228	1195	833	1118	2575	1442	871	669	5856
18	986	1357	5312	524	1639	1015	7797	1533	891	465	1744	1538	1228	1337	6563	995	1425	1026	5657	1493	1594	1037	5656	1208	1574	982	1513	1893	1970	1088	6798	1017	4666	4954	4867	1203	1156	755	6941	826	1178	1380	1534	1187	784	1449	6257	374	839	1047	1458	2538	2480	2608	4863	1018	651	816	1877	1566	720	719	4082	669	646	1177	1263	857	1357	945	5227	655	765	1202	1944	1127	1193	1715	1457	2274	574	872	1273	1850	1049	836	828	4426	498	1047	1104	2234	1433	910	646	3985
19	987	1010	5228	497	1179	768	8064	2114	863	499	1616	1653	1160	1319	5627	1142	1337	1208	5064	1501	1255	951	5519	1278	1364	1031	1406	1204	1289	1021	6472	1396	4436	4409	4772	1199	1075	698	6732	780	1237	1361	1469	1199	713	533	5366	420	867	1071	1435	2827	2325	2244	4425	1032	733	780	1555	1199	920	672	3695	644	724	1167	1253	687	1136	1037	4736	809	728	1185	1699	1356	956	932	1517	2469	593	925	1190	1850	1061	755	829	3873	545	757	1113	2328	1615	880	791	3528
20	988	1010	4982	498	1715	840	6946	1256	801	1061	1548	1407	1250	1336	4921	945	1327	1125	5341	1400	1769	845	5162	1243	1231	1021	1380	2015	1085	2030	6460	1387	4109	4418	4505	1073	901	742	6582	788	1824	1377	1412	1193	691	515	5456	436	792	959	1301	2608	2241	2587	4155	1173	697	738	1556	1064	673	713	3672	594	697	1418	1107	672	1074	1642	4558	640	686	1379	1646	988	1039	1035	1579	1826	558	960	1093	1625	1063	825	866	3371	557	706	1004	2314	1405	1017	672	3134
21	990	931	4648	467	1163	1714	6661	1190	1162	529	1585	1492	1214	1272	4871	2092	1224	957	4905	1694	1054	894	4558	1259	1359	1011	1296	1698	1195	927	6749	1104	3961	4528	4487	1088	912	726	6166	720	1111	1397	1468	1089	698	579	4786	390	798	878	1504	2816	2325	2541	3939	974	701	738	1738	1114	780	637	3833	583	727	1054	1113	667	1418	982	4380	669	711	1223	1612	1409	1000	857	1420	1786	581	879	1078	1586	1040	778	830	2980	521	695	1060	2097	1266	1375	636	2785
22	864	917	4410	586	2003	1081	6102	1224	869	454	1400	1471	1115	1335	4576	931	1265	1012	4686	1399	1172	849	4325	1416	1188	1436	1342	1285	1324	989	5614	1019	4564	3835	4143	1071	1030	924	5781	793	1084	1336	1479	1043	686	1010	5165	383	801	932	1135	2999	2178	2603	3746	914	651	770	1311	1161	721	623	3503	573	869	996	1096	652	1098	913	4407	637	743	1044	1518	900	897	785	2145	1543	591	863	1020	1473	1041	758	800	2576	529	713	1106	1990	1555	789	658	2817
23	899	958	4237	489	960	807	6739	1170	748	472	1451	1363	1150	1336	4267	1074	1171	1363	4914	1423	967	852	4867	1379	1144	999	1303	1146	1799	1380	5456	990	3508	3540	4024	962	1014	739	5608	698	960	1298	1340	1143	551	728	4980	386	813	786	1134	2746	2201	2145	4433	890	596	783	1410	1206	701	659	3193	518	741	952	1121	621	1132	849	4106	596	622	1017	1612	1467	868	1070	1289	1350	529	799	976	1837	1040	977	783	2467	507	713	1162	1945	1265	884	615	2356
24	886	878	4019	473	3140	736	5816	1161	784	456	1343	1313	1057	1212	4068	915	1179	932	4250	1816	1381	911	4134	1486	1184	916	1216	998	1097	1021	5165	941	3421	3335	3854	990	1010	721	5455	1198	1067	1312	1410	1203	757	514	4743	417	833	765	1066	2507	2270	2330	3342	1251	636	752	1495	1121	691	614	3002	553	659	1021	1329	588	1053	797	3931	668	603	1082	2072	1367	1605	1260	1544	1262	662	787	938	1494	1079	798	813	2448	572	825	1008	1949	1107	826	834	2120
25	976	1179	3904	1386	1477	991	5688	1223	682	541	1301	1263	1017	1163	3885	1308	1167	1089	3948	1397	928	1013	4145	1480	1201	951	1230	1004	1244	1489	5078	965	3395	3355	3803	991	978	645	5241	683	1061	1186	1461	1172	690	1093	4520	498	788	797	1177	2344	2150	2141	3279	832	899	735	1402	1018	702	708	2937	549	745	964	1082	601	1050	860	4003	617	613	1196	1755	999	1097	1895	1151	1177	568	778	930	1385	1022	733	721	2132	508	732	924	1875	1088	807	639	1996
26	922	1702	3782	601	1142	735	5279	1250	634	494	1246	1347	1202	1285	3794	917	1084	1024	3992	1965	954	953	3824	1015	1028	1028	1266	1758	1727	1236	4882	906	3243	3271	3643	1101	996	594	5105	673	988	1241	1439	1132	655	571	4414	495	779	891	1243	2163	2018	2205	3316	797	615	762	1372	1087	668	712	2729	622	686	1467	1020	889	885	819	3644	651	617	1010	1511	1084	978	1095	1473	1123	553	845	884	1411	1501	716	779	1978	470	626	1233	2164	1142	780	792	1802
27	1157	919	3529	475	962	782	5089	1156	663	425	1265	1188	1164	1247	3780	974	1084	977	4085	1152	884	956	3659	1146	1012	955	1325	1161	1468	1008	4591	888	3080	3290	3862	978	930	681	4930	678	1092	1169	1368	1305	588	501	4014	427	738	826	1179	2016	2204	1875	3163	839	627	1118	1340	1114	650	852	2986	602	655	964	2212	580	939	844	3667	578	690	1197	1339	997	1054	949	1245	1071	552	734	883	1440	1059	686	771	1772	574	657	1522	1670	1304	1100	815	1757
28	979	862	3473	572	1064	745	4851	1200	712	478	1169	1155	1108	1131	3489	832	1040	861	3646	1111	865	806	3520	1086	1042	944	1362	943	1120	852	4501	916	2961	3151	3534	1070	1019	572	4688	875	1020	1220	1251	1076	634	478	4017	400	748	894	1202	1951	1971	2150	3021	831	585	726	1155	990	644	648	2585	550	714	969	956	600	906	818	3423	629	625	1066	1848	1085	2279	957	1195	990	546	808	881	1400	1006	757	717	1629	510	651	970	1581	1101	897	573	1595
29	832	1003	3628	473	905	646	4608	1809	688	437	1118	1097	1001	1135	3574	955	1048	864	3465	1135	967	988	3511	1009	1596	1001	1274	947	1137	1333	4528	876	2987	2911	3269	995	915	966	4570	667	1120	1185	1352	981	600	495	3782	401	795	825	1073	1882	1732	1813	2857	812	556	752	1166	940	633	634	2548	573	642	968	1179	691	907	834	3170	610	625	1020	1407	794	856	854	1257	1105	698	791	867	1337	942	713	704	1547	523	750	936	1591	1132	712	697	1425
30	752	833	3347	501	961	633	4406	1366	802	427	1129	1141	1045	1187	3327	951	1016	762	3315	1131	918	902	3508	1009	1128	898	1347	1072	969	875	4439	1283	2906	2765	3315	1035	860	590	4872	647	1083	1137	1263	952	600	499	3775	1462	771	778	1201	2653	1640	1869	2870	964	696	714	1257	991	634	651	2567	526	704	924	1053	556	1003	1094	3786	589	615	1053	1421	777	840	697	1061	872	560	867	831	1355	902	903	810	1415	480	663	952	2147	1060	706	558	1410
31	795	932	3253	695	1868	1468	4289	1143	753	430	1126	1187	1232	1115	3306	878	1011	808	3304	2674	959	742	3299	1119	1165	896	1288	1330	892	831	3911	947	2932	2924	3263	1084	837	586	4136	687	1104	1126	1319	1056	908	523	4013	420	720	949	1134	1801	2034	1772	2943	828	593	781	1203	964	649	632	2385	544	651	922	1152	626	1153	817	3255	561	611	999	1463	1052	1001	742	1136	917	498	730	857	1206	1127	861	787	1255	472	601	881	1711	1061	710	871	1363
32	946	742	3024	400	759	862	4799	1085	648	410	1088	1095	949	1151	2994	3062	1012	825	3149	2259	1023	791	3197	1015	1120	992	1304	1137	1030	1201	3814	951	2840	2934	3189	950	719	566	4901	723	1041	1131	1427	924	552	499	3845	401	814	826	1162	1872	1932	1721	2612	776	550	806	1119	881	611	627	2285	574	728	933	1133	755	918	804	3002	563	583	2207	1864	772	877	727	1067	722	521	692	795	1190	975	686	699	1100	477	1033	854	1557	1204	782	565	1238
33	834	787	2928	479	1788	737	3954	1160	632	438	1045	1068	921	1111	3052	1020	993	800	3047	1182	914	743	2911	1039	1127	920	1252	1121	860	1190	3929	862	2824	2729	2933	917	846	526	3997	816	925	1064	1388	881	570	633	3280	381	723	777	1102	1897	1517	1752	2591	815	588	785	1151	958	571	611	2266	533	619	968	1189	604	838	857	3006	575	631	1029	1401	1113	780	2176	1048	754	522	716	1444	1263	1100	726	700	1179	469	644	828	1569	1044	723	548	1211
34	773	738	2708	494	890	846	4039	1091	617	418	967	1426	1041	1187	3097	831	923	736	3013	985	791	818	2948	1053	1102	892	1278	1649	912	1058	3650	937	2588	2724	2814	962	838	516	3829	682	962	1193	1162	971	593	684	3171	440	705	831	1052	1593	2144	1717	2562	758	567	748	1206	903	727	614	2335	579	612	871	1007	616	1066	841	2828	565	642	1081	1558	841	760	1017	1015	670	492	915	728	1349	881	735	734	1048	478	547	769	1328	1008	719	622	1131
35	898	769	2690	428	1313	980	3837	1059	650	452	1005	1026	991	1208	3027	894	1001	812	2901	1068	921	797	4599	1059	971	869	1145	1192	1008	900	3645	904	2654	2489	2891	909	838	539	3663	631	1066	1083	1246	1004	570	492	3345	1328	701	864	1045	1932	1605	1608	2451	834	510	750	1149	882	599	757	2063	571	591	907	987	584	889	872	2781	760	622	996	1296	863	826	756	998	645	555	694	780	1202	997	692	703	1053	499	529	798	1315	971	711	535	1097
36	914	758	2656	792	2022	1171	3744	1122	653	433	1005	1061	1050	1135	2803	995	947	799	2830	1058	898	763	2807	1036	954	852	1278	1104	1145	915	3455	1054	2742	2443	2872	962	839	573	3650	551	933	1186	1242	1076	586	568	3057	523	670	858	1075	1626	1408	1658	2273	766	540	688	1230	788	575	621	2137	594	671	880	946	621	837	821	2674	877	607	1028	1333	1103	1052	708	932	621	539	724	762	1174	1113	711	713	924	503	549	801	1300	1172	1120	576	1094
37	706	738	2548	393	2018	750	3479	1392	641	762	964	2218	1075	1183	2720	824	962	755	2768	953	851	870	2743	996	997	927	1884	958	1546	1057	3551	721	2522	2519	2796	958	856	549	3592	642	964	1102	1269	1087	561	505	3028	405	712	799	990	1403	1641	1578	2379	699	571	658	1182	744	600	673	2028	609	687	1019	998	632	842	864	2555	642	572	1060	1412	762	732	1036	1043	746	488	710	784	1499	877	696	765	982	498	653	1871	1242	1775	740	546	1064
38	1527	1450	2486	358	1012	682	3527	1001	702	392	970	992	978	1020	2576	820	1036	650	2648	876	1111	703	2516	1020	1984	990	1364	984	735	986	3229	822	2650	2311	2728	1099	884	522	3566	568	1012	1102	1771	1117	641	455	2871	417	841	835	1219	1264	1506	1932	2269	650	599	661	1112	782	565	622	1979	526	560	818	952	635	923	898	2559	529	530	982	1210	777	1083	777	991	634	527	740	827	1060	880	686	1280	949	447	655	788	1426	881	668	506	995
39	733	777	2390	723	798	1023	3371	1303	627	400	955	1006	893	965	2547	780	856	668	2545	893	829	870	2570	932	1027	936	1379	1435	894	702	3177	818	2440	2358	2713	1040	863	522	3473	656	1524	1243	1376	1034	531	481	3188	392	673	922	1008	1487	1360	1552	2576	750	569	1292	1048	846	575	526	2140	561	559	927	889	588	831	1169	2610	533	506	1301	1393	1510	764	1008	1002	544	468	724	809	1031	884	596	1318	867	448	663	905	1204	1011	725	680	974
40	677	728	2351	913	839	708	3240	972	640	391	901	903	907	1025	2488	719	797	978	2458	1206	856	796	2444	912	889	869	1088	1872	1431	1053	3149	859	2468	2298	2692	850	886	534	3250	939	896	1202	1135	1047	920	492	2705	387	650	794	989	1391	2342	1264	2100	710	992	707	1050	892	558	595	1970	543	592	911	849	541	915	883	2509	535	554	1226	1177	759	683	856	967	581	464	675	729	1047	846	629	718	1332	441	616	734	1177	854	691	490	903
41	654	772	2371	344	876	663	3086	948	801	455	919	1007	1042	1005	2520	812	878	663	2417	1137	2331	765	2586	987	927	777	1118	1221	789	799	3067	911	2381	2276	3248	933	836	553	3355	854	959	1149	1158	983	982	463	2656	373	617	810	992	1474	1255	1275	2041	733	555	663	1018	854	579	604	1832	573	662	808	1046	559	872	841	2339	507	728	1254	1303	792	965	796	1104	520	481	748	773	1258	846	655	860	761	918	716	745	1091	838	718	544	822
42	648	759	2222	380	720	650	3148	1310	662	468	865	1079	961	1051	2382	787	769	733	2551	906	765	689	2390	845	844	790	1061	928	813	694	3111	1665	2396	2227	2459	859	889	520	3228	585	941	1044	1696	846	541	506	2655	374	684	784	1056	1249	1128	1150	2056	725	534	662	1057	798	720	593	1775	500	545	894	947	593	811	885	2494	525	562	873	1198	1145	684	888	1023	525	448	776	730	957	809	712	605	754	418	628	698	1051	959	826	746	808
43	622	747	2082	376	1762	1913	3220	856	605	437	778	1048	1060	955	2353	815	758	837	2411	1008	806	668	2329	922	798	909	1174	1099	914	1209	3045	759	2275	2138	2341	872	806	573	3163	570	876	975	1175	913	560	456	2585	442	667	714	972	1128	1165	1424	1887	774	466	664	1097	885	1378	614	1722	497	562	779	970	547	815	813	2230	575	494	885	1133	1192	699	581	1065	524	486	806	934	965	857	638	623	670	501	668	732	1088	944	769	487	926
44	650	620	2037	395	906	989	3037	964	617	472	827	1324	888	994	2279	722	808	666	2268	968	811	710	2267	874	1088	913	1159	1286	1183	904	2730	790	2229	2250	2373	954	761	688	3099	579	804	965	1165	1733	467	422	2538	458	626	763	961	1120	1558	1201	1951	744	479	600	1122	825	668	579	1612	456	506	789	836	560	1622	829	2166	547	536	905	1079	702	721	573	921	454	431	758	653	973	892	608	617	740	405	1429	743	1127	1060	627	470	802
45	699	668	1976	373	1525	890	3001	1361	621	446	807	922	788	972	2086	790	722	761	2226	869	752	660	2235	889	889	903	1097	811	971	923	2740	837	2188	2070	2356	922	898	606	3090	591	840	1010	1604	954	511	406	2436	382	610	727	1385	1138	1114	1210	1917	739	535	672	1070	796	579	629	1626	517	525	842	874	542	806	800	2134	552	569	1118	1175	670	620	634	923	424	464	691	698	881	800	641	652	663	366	568	687	988	1055	682	423	812
46	588	613	1990	719	1048	720	2819	857	594	430	1295	981	907	914	2071	711	776	687	2268	913	788	659	2164	851	1353	811	990	1819	1163	767	2534	866	2298	2076	2378	925	792	940	2768	581	882	1227	1167	892	523	403	2427	367	598	740	1456	1290	1119	1222	1844	769	520	642	1000	819	519	568	1460	917	571	790	821	578	775	783	2028	566	629	1296	1103	1264	971	955	944	473	456	651	904	826	842	547	657	715	437	552	673	1098	778	705	510	740
47	903	627	2028	751	764	626	2923	847	627	372	847	897	819	852	2183	778	729	627	2153	871	827	907	2196	837	810	784	1043	1771	1763	712	2474	795	2228	1985	2273	1104	785	490	2740	590	828	1040	1909	839	500	444	2360	362	577	740	1015	1059	1362	1097	1700	758	547	620	1237	734	476	626	1482	496	558	761	794	546	783	782	2035	480	522	909	1121	702	1151	737	899	426	463	642	700	887	1030	581	625	786	437	522	825	981	933	618	463	740
48	550	618	1880	496	680	638	2674	884	566	339	761	913	797	898	2025	742	736	648	2098	943	809	671	2097	825	827	822	1069	1170	700	749	2506	796	2089	2031	2452	1047	675	418	2708	608	690	1210	1134	779	554	537	2345	350	570	801	877	975	993	1093	1748	655	456	642	987	740	474	507	1459	480	540	681	817	593	794	961	2004	512	486	805	1543	737	936	831	915	407	464	634	687	827	992	624	690	652	380	512	693	1208	1063	616	445	730
49	646	846	1745	466	1053	582	2604	888	571	434	780	940	814	897	2049	731	673	570	2111	816	878	628	2066	925	832	833	1095	1150	1994	661	2423	807	2036	2017	3073	1040	638	444	2654	617	712	1082	1105	675	999	442	2217	359	611	1496	1005	993	1039	1066	1619	674	475	705	998	719	548	503	1440	428	575	854	801	532	711	759	1896	483	556	1084	1185	766	671	833	824	418	1247	641	721	869	829	560	609	652	347	476	651	975	837	631	530	661
50	555	697	1667	492	689	536	2493	867	553	390	777	834	762	1152	2004	758	694	668	1998	716	1511	979	1989	1434	1095	761	935	939	955	671	2290	762	2019	1998	2249	1037	708	505	2556	832	720	913	1142	713	506	432	2226	368	583	753	902	1161	1120	1211	1566	669	470	629	988	669	561	494	1384	469	546	1419	793	535	757	814	1922	678	452	821	1255	696	948	710	1077	406	490	636	735	807	820	672	590	590	366	476	649	901	757	613	475	689
51	506	803	1655	402	598	551	2394	817	570	367	720	909	788	932	2041	748	748	602	1906	908	1204	622	1993	832	838	782	1738	1009	1522	813	3327	769	2055	1880	2114	925	745	417	2531	579	706	1102	1242	708	484	417	2171	683	554	686	888	1421	1000	1116	1518	714	456	609	863	684	535	549	1360	533	535	705	758	567	762	1000	1875	445	577	904	1113	733	1491	1159	808	435	942	701	721	935	843	613	534	603	357	501	648	849	751	567	415	615
52	503	601	1648	392	598	720	2614	768	646	373	770	1353	1592	920	1869	693	677	577	2317	789	738	613	1868	747	799	851	961	922	636	809	2444	811	2030	1809	2131	964	726	487	2620	525	740	943	1016	921	524	392	2123	346	551	650	792	956	927	1377	1855	696	434	643	922	689	488	484	1370	790	504	961	752	683	876	674	1705	449	581	757	990	624	674	643	794	465	710	539	733	913	756	594	544	595	365	483	701	948	672	617	419	724
53	454	600	2697	650	596	1460	2380	1196	541	440	743	836	783	848	1851	726	635	586	1774	993	762	615	1853	800	951	728	934	852	1857	709	2280	744	1978	1826	2059	943	660	853	2436	499	1962	953	1011	744	470	396	1955	359	564	674	1381	937	1026	943	1464	828	381	602	931	804	516	505	1386	828	464	713	759	501	723	693	1749	525	551	777	995	559	745	1314	825	443	496	580	686	871	760	575	861	1026	420	502	620	926	1300	600	471	618
54	483	569	1600	340	1429	873	2249	893	598	355	693	987	767	935	2000	765	695	556	1852	1931	720	676	1778	739	742	735	1238	1294	979	3182	2135	765	1977	1830	2033	835	686	426	2346	564	752	889	967	721	569	552	1972	400	535	610	885	1751	885	1085	1503	640	439	658	1338	660	531	506	1257	472	547	690	817	580	933	731	1734	498	431	749	1019	613	635	1013	846	486	487	823	747	741	964	570	527	671	311	414	594	804	737	666	413	604
55	414	522	1640	332	1044	1040	2259	781	598	364	648	841	802	792	1950	672	705	613	1923	691	714	678	1692	747	713	878	985	806	743	681	2084	671	1890	1764	1950	823	1352	408	2342	510	723	952	937	759	460	531	2024	399	554	616	904	846	1400	996	1451	616	402	597	1102	719	492	504	1652	443	510	777	1023	671	753	721	1722	607	572	796	961	1392	663	984	841	350	456	601	683	773	762	717	564	867	330	485	602	843	801	556	403	589
56	446	569	1480	332	1341	1227	2261	814	520	359	706	817	788	1220	1739	698	695	551	2603	714	672	685	1706	707	760	893	966	906	810	687	2441	729	1880	2016	1921	876	872	424	2316	596	765	882	928	933	499	560	1882	341	608	667	850	1348	1013	947	1437	680	430	543	909	906	472	471	1283	455	561	757	801	576	710	719	1713	484	435	832	1011	940	799	674	791	335	467	546	691	872	960	723	589	570	390	450	596	835	762	565	388	630
57	401	626	1430	352	1625	577	2120	770	584	338	663	845	814	834	1733	636	707	568	1763	714	647	671	1640	769	993	876	870	732	667	988	2030	753	1835	1699	1885	758	726	431	2227	581	799	908	1021	885	462	406	1858	357	497	672	809	915	887	907	1406	673	482	542	922	1209	493	580	1195	468	517	701	755	751	761	693	1698	428	416	938	918	775	790	867	753	328	435	562	601	1236	749	567	563	494	303	529	560	851	710	578	395	583
58	489	573	1472	935	621	504	2072	908	543	561	629	840	730	813	1601	653	986	559	1672	736	991	616	1883	799	716	889	853	914	770	1408	1940	693	1711	1725	1890	923	664	376	2134	638	674	871	1023	722	529	372	1782	401	526	749	846	895	798	844	1353	628	464	593	821	683	503	484	1240	423	515	642	767	588	698	1023	1782	465	366	812	1484	646	717	1341	849	489	347	625	629	746	852	569	523	577	352	521	577	747	830	540	414	582
59	498	548	1352	671	837	1006	1965	1036	638	348	673	766	702	919	1621	610	772	547	1627	668	757	567	1852	861	699	785	827	770	638	1168	1930	673	1725	1737	1936	748	614	426	2151	565	717	932	1033	871	425	543	1806	363	533	770	750	918	744	791	1412	623	423	562	940	669	492	569	1251	438	506	661	816	527	692	1043	1684	375	394	747	2460	536	1034	691	736	343	418	537	656	707	1094	536	514	583	428	457	531	792	652	639	419	601
60	440	544	1333	437	1125	500	1936	816	596	328	645	902	682	809	1619	597	755	527	1495	707	658	644	1593	1151	610	686	964	1118	562	554	1930	673	1679	1668	1867	782	633	434	2033	566	698	888	904	751	447	347	1691	325	543	612	821	916	717	888	1343	601	476	556	894	675	518	574	1523	444	488	682	697	457	648	670	1560	406	945	705	1082	559	613	669	722	322	420	536	652	687	890	856	484	544	310	686	543	782	596	625	392	601
61	486	602	1357	330	895	653	1883	793	510	359	757	757	677	834	1556	638	841	644	1886	761	672	1089	1420	886	868	659	998	843	629	620	1875	744	1676	1740	1879	764	603	454	1928	531	720	879	989	728	514	517	1787	304	587	624	715	834	800	819	1283	646	438	560	842	590	536	504	1111	379	484	628	773	1445	654	729	1573	447	380	641	1027	962	657	688	923	338	410	524	621	742	683	708	522	621	332	420	545	810	673	551	403	577
62	452	524	1255	816	830	984	1837	1151	472	315	696	752	681	825	1574	618	585	574	1535	639	686	603	1459	794	707	662	794	1286	576	576	1967	736	1774	1673	1832	717	679	389	1834	514	743	981	963	1407	454	353	1686	282	1053	645	736	934	759	856	1238	612	412	1095	869	769	469	471	1097	691	414	699	697	488	704	752	1620	385	378	865	985	721	878	1254	770	301	381	532	609	741	1278	531	525	522	311	401	840	739	585	531	380	663
63	500	543	1277	343	981	540	1801	962	522	328	1109	696	687	916	1492	611	664	525	1478	714	743	579	1417	706	685	686	850	904	591	664	1739	1836	1655	1598	1778	795	763	436	1867	487	1097	876	948	1202	499	384	1624	318	531	601	741	872	773	740	1144	612	403	527	901	629	1069	809	1038	388	1272	635	707	480	642	716	1752	448	346	760	960	501	582	1350	886	313	356	574	598	686	683	540	649	515	322	397	549	646	646	521	336	506
64	468	636	1271	370	1122	503	1798	950	1061	328	960	745	816	891	1431	577	655	508	1430	661	729	524	1428	699	667	683	862	1196	691	569	1704	608	1542	1677	1893	659	751	426	1916	542	713	927	893	633	619	385	1946	357	558	675	740	790	1002	782	1169	589	396	839	1104	654	1290	428	1095	449	439	848	720	465	656	621	1561	500	367	614	1053	592	1051	657	782	307	369	540	596	1144	741	562	521	521	347	387	524	688	610	700	338	543
65	524	480	1248	300	480	1224	1637	964	667	303	569	818	744	775	1352	607	659	506	1425	652	943	574	1425	811	683	661	910	711	717	1500	1648	605	1537	1683	1757	694	623	397	1817	538	630	793	896	647	474	380	1571	373	525	686	1060	1287	892	777	1143	584	401	607	811	812	467	416	1327	438	523	693	723	444	698	637	1364	442	466	646	949	1015	1207	610	688	324	364	508	580	924	724	519	524	459	300	417	538	687	657	580	377	506
66	562	500	1201	332	882	493	1703	807	614	323	632	843	666	829	1356	524	633	505	1412	649	650	554	1281	1682	593	716	879	1108	1138	1364	1553	629	1521	1536	1722	726	702	467	1736	563	695	795	898	633	483	338	1568	309	546	662	749	732	684	731	1820	627	355	538	925	693	497	461	935	389	470	651	710	819	770	731	1348	534	410	723	1000	691	736	726	732	378	365	550	576	840	829	493	533	493	633	390	556	677	1017	510	394	534
67	560	489	1112	324	487	461	1617	963	519	296	545	734	668	853	1371	565	633	523	1334	649	636	558	1310	724	960	719	864	702	1304	566	1606	614	1586	1517	1717	699	1287	478	1660	508	638	769	900	696	457	334	1505	329	471	702	749	721	669	721	1225	636	400	510	897	734	504	577	961	358	452	656	638	484	643	684	1353	541	400	649	856	494	884	619	805	306	390	533	628	636	815	508	585	468	758	367	522	676	586	542	335	482
68	417	433	1105	436	1364	443	1584	789	483	291	584	812	607	871	1380	602	657	731	1396	744	717	545	1249	657	1037	729	887	678	838	556	1538	563	1522	1465	1578	715	765	448	1682	512	651	786	913	675	409	350	1462	310	487	636	722	723	708	720	1060	675	402	488	918	651	706	485	1134	381	451	609	641	468	777	597	1686	437	347	600	919	840	977	638	700	275	360	554	620	675	722	492	525	693	273	397	511	696	741	466	337	514
69	467	459	1182	342	916	457	1619	868	573	291	575	733	611	864	1386	591	681	498	1347	690	687	516	1271	661	1591	680	903	873	652	666	1564	609	1388	1470	1619	761	629	453	1689	504	705	1611	1387	770	424	377	1450	297	501	705	739	1299	796	874	1172	611	332	539	942	692	687	439	930	548	455	862	620	476	668	617	1248	415	382	657	1280	693	1360	585	1676	321	413	499	896	1272	968	524	494	448	315	375	655	667	594	494	398	529
70	478	492	1092	332	755	482	1507	1334	643	312	569	758	639	845	1323	627	582	509	1238	1113	628	488	1243	638	676	636	860	1094	1162	536	1506	608	1393	1443	1657	712	624	359	1689	660	632	810	1734	869	402	396	1393	291	656	671	757	1627	901	715	1085	593	371	462	1323	1706	575	469	857	377	480	652	679	420	694	668	1254	363	421	630	904	464	575	1217	885	304	337	554	535	637	820	674	530	449	279	318	716	713	1270	469	339	540
71	504	559	1136	295	812	1004	1610	759	509	305	586	666	700	814	1287	598	1466	470	1284	883	610	527	1146	668	609	634	904	729	586	511	1438	586	1375	1483	1548	782	684	468	1610	507	658	795	842	959	415	595	1489	317	518	746	759	805	919	690	1011	605	358	658	869	668	487	430	854	369	441	668	710	472	780	693	1205	341	383	639	883	800	987	547	840	305	337	566	972	552	755	855	491	546	634	382	457	589	562	480	417	599
72	466	525	1100	312	558	686	1518	803	823	298	615	675	955	793	1257	525	701	490	1212	639	657	524	1152	806	572	568	892	785	973	730	1427	611	1356	1385	1516	733	605	639	1741	495	686	827	869	670	392	454	1326	306	568	666	768	674	737	637	1028	546	333	459	853	749	489	409	834	409	498	921	655	380	755	688	1250	345	388	601	981	604	520	666	913	284	382	489	684	633	649	483	512	447	390	438	501	608	606	515	350	580
73	435	477	1045	558	564	566	1443	785	508	385	562	702	662	761	1222	557	670	485	1167	603	1760	552	1151	624	590	698	849	821	709	795	1478	616	1337	1375	1492	967	576	344	2302	724	772	787	924	715	443	350	1385	281	515	630	784	775	735	1341	936	588	349	464	859	661	442	402	822	445	433	1354	605	444	748	695	1088	361	541	581	901	766	481	1005	804	286	368	531	581	742	711	467	440	447	316	349	471	692	579	480	318	669
74	848	506	1107	481	530	774	1422	788	428	325	600	759	1400	795	1853	571	1177	520	1367	565	761	480	1513	614	861	630	843	666	548	554	1403	658	1303	1274	1492	1358	485	342	1474	516	1153	1062	927	650	416	353	1349	401	510	594	781	756	690	1085	974	616	370	494	901	652	493	402	842	433	409	614	615	466	680	610	1331	365	369	583	862	663	750	980	651	324	402	494	565	542	983	1099	423	438	245	365	544	913	623	514	407	587
75	711	539	1027	318	1325	634	1439	793	473	341	547	764	627	742	1653	586	682	542	1124	654	725	468	1136	916	690	745	873	901	1175	1063	1281	846	1278	1651	1452	728	530	354	1624	470	589	1045	925	737	388	385	2131	398	520	647	777	631	717	647	962	583	338	466	900	861	419	471	822	498	554	616	656	395	624	820	1284	445	379	784	1012	793	750	869	658	298	357	491	521	644	661	505	437	405	277	324	467	616	606	491	346	554
76	475	547	968	297	1903	455	1873	1263	463	334	585	705	620	781	1178	590	651	498	1215	918	672	505	1039	703	680	617	832	684	885	630	1257	583	1280	1335	1346	746	568	367	1404	545	635	727	1311	1068	405	317	1920	406	478	601	702	778	1373	607	943	702	425	523	911	642	463	403	814	369	399	672	595	373	624	662	1123	735	344	631	969	508	563	595	653	361	287	480	596	584	640	493	473	488	293	384	510	1053	650	479	328	515
77	393	495	939	307	520	638	1526	1100	467	307	549	765	623	805	1060	535	611	444	1124	633	698	470	1042	594	699	1290	827	1331	555	660	1301	524	1292	1297	1384	994	515	376	1470	514	615	732	850	701	448	355	1452	290	453	586	703	929	1025	665	887	601	528	479	869	598	465	442	798	385	391	599	567	504	645	771	1019	415	322	1031	949	473	605	2543	926	261	343	489	602	548	599	504	433	467	261	407	507	764	902	486	348	532
78	419	521	995	340	448	468	1382	751	464	323	705	954	674	793	1146	535	655	476	1121	575	824	493	1074	593	602	561	784	682	961	941	1426	581	1256	1290	1320	720	576	332	1426	541	631	728	914	717	478	327	1290	298	561	574	705	691	623	708	914	864	484	517	851	601	445	470	805	366	400	586	599	437	619	596	1072	396	319	712	905	516	2153	738	738	304	415	608	506	590	715	537	450	446	245	332	418	672	586	516	400	492
79	429	466	963	427	743	961	1291	816	432	322	523	951	711	941	1106	645	555	439	1131	790	626	489	1018	607	669	613	949	1213	898	626	1242	604	1222	1317	1578	689	572	304	1426	485	669	718	866	642	406	327	1299	276	487	586	717	857	594	623	887	640	408	421	851	604	417	451	788	352	2583	607	698	368	763	582	1129	391	391	657	893	438	1301	629	651	249	343	556	553	751	860	533	459	458	270	331	449	662	599	438	332	499
80	448	635	951	412	566	519	1327	694	442	403	532	743	624	847	1139	508	1414	451	1136	658	688	1274	1007	660	725	596	761	647	513	627	1189	549	1226	1340	1508	1032	524	305	1424	483	730	766	904	614	381	316	1252	318	482	553	736	765	598	1514	881	581	344	469	804	622	447	538	724	361	380	658	623	539	769	649	1039	505	630	640	906	487	733	566	578	296	359	478	495	599	792	502	527	592	295	401	545	625	579	1083	344	556
81	431	442	878	550	536	579	1291	1203	447	310	533	800	706	809	1145	551	578	484	1104	657	770	508	1054	857	616	608	915	1074	1652	1362	1215	567	1205	1348	1710	794	569	554	1381	726	668	911	900	663	364	609	1377	581	510	564	754	634	605	603	845	631	447	459	860	643	546	422	793	407	396	718	586	485	610	684	1049	421	476	643	879	495	522	667	604	338	359	438	557	587	668	478	459	530	291	403	473	647	525	473	358	451
82	401	428	929	286	741	433	1271	713	454	322	498	750	703	1403	1500	521	516	610	1139	719	671	550	987	585	634	658	855	596	537	826	1201	591	1206	1188	1351	729	490	599	1304	448	615	727	880	625	785	345	1179	388	514	605	956	676	643	885	873	616	356	424	863	592	507	842	776	309	386	705	582	403	662	624	1078	376	427	1074	804	2258	474	574	600	319	417	765	474	581	615	484	470	537	257	414	479	613	670	444	467	544
83	571	456	904	432	924	488	1317	722	425	346	500	796	993	800	1130	493	920	437	1145	711	685	555	916	558	647	633	867	1302	1419	616	1276	553	1092	1209	1433	754	532	379	1327	906	628	731	886	742	389	322	1125	297	530	589	1018	611	837	580	824	601	384	485	827	581	436	459	790	284	393	851	621	414	636	591	940	370	387	661	843	577	900	590	601	316	354	549	504	567	545	503	512	532	271	461	459	889	1720	532	296	666
84	493	459	897	544	632	391	1362	754	425	295	539	709	598	852	1131	549	512	469	1039	738	656	606	957	602	1105	615	798	676	529	650	1354	558	1193	1177	1237	714	588	462	1345	641	551	636	1600	722	413	283	1090	273	523	664	751	676	641	588	822	621	422	448	859	543	373	442	793	517	448	746	618	429	647	750	1000	396	397	663	843	508	572	1011	655	312	336	499	517	529	548	561	470	491	597	384	403	544	550	416	342	490
85	430	441	870	417	864	495	1513	793	450	426	552	748	600	1039	1097	560	559	460	1047	727	669	524	937	595	646	652	867	636	521	550	1144	576	1069	1119	1314	752	521	361	1337	460	645	782	930	697	408	307	1040	294	511	539	917	734	626	598	778	601	356	570	752	555	403	496	764	415	374	594	589	376	670	609	1026	420	374	574	877	653	619	1157	682	298	360	493	493	555	531	502	484	587	292	350	477	557	478	427	342	521
86	553	428	798	290	1589	495	1244	766	466	269	520	707	624	985	1115	524	599	459	1060	897	625	579	979	743	590	610	848	964	702	540	1082	495	1134	1181	1180	668	624	412	1379	537	716	743	896	668	375	386	1069	292	493	542	804	978	630	667	778	647	432	408	847	549	515	443	774	302	436	593	560	442	1243	980	927	416	489	599	856	650	1675	928	647	272	333	825	499	571	593	446	490	495	254	344	470	594	515	461	311	461
87	818	418	857	303	1409	580	1218	742	429	276	541	745	670	945	1038	709	571	453	1042	727	614	594	987	647	584	721	838	755	745	581	1030	539	1191	1148	1163	789	591	387	1317	473	650	675	2156	626	375	479	1019	292	523	613	692	678	646	784	821	615	351	399	1206	574	429	422	752	354	411	594	580	490	594	604	973	364	351	661	819	810	464	929	720	277	306	457	497	968	614	967	511	501	265	306	481	538	577	510	338	485
88	403	483	892	598	823	646	1309	725	471	282	506	692	711	907	1038	509	542	518	964	751	652	524	942	548	638	565	826	766	584	1129	1077	551	1069	1075	1246	639	640	382	1204	1296	653	922	893	632	397	287	1073	270	472	586	784	715	590	639	759	626	352	433	915	513	597	373	698	315	356	641	598	411	595	602	933	404	338	626	831	824	492	473	655	284	337	693	470	664	533	596	751	515	325	351	481	547	1002	461	315	1489
89	458	420	807	282	1449	478	1150	781	892	303	525	1413	682	891	1069	554	623	541	1068	600	603	545	950	666	1414	555	775	1062	673	710	1072	594	1053	1096	1184	657	570	357	1176	451	643	792	933	686	423	321	949	286	1192	662	788	789	610	546	765	609	324	400	843	1417	470	397	715	322	383	669	602	563	619	607	914	476	394	1106	847	461	504	1016	633	271	357	464	427	536	694	435	492	422	303	328	468	593	529	459	315	1176
90	892	517	877	317	612	497	1170	814	515	305	975	688	555	834	1038	582	558	453	1070	688	683	457	1089	698	577	594	749	987	936	572	1131	640	1105	1129	1215	681	578	333	1183	406	649	744	843	878	482	329	1042	270	485	686	737	800	617	797	733	672	388	429	832	587	401	401	708	407	372	629	613	444	570	599	932	368	402	614	1364	469	1473	598	655	262	342	474	451	541	641	450	474	476	280	328	481	651	612	452	317	3859
91	200	198	414	131	731	361	516	340	190	138	248	320	246	365	453	615	272	247	419	310	262	224	455	294	263	238	299	291	363	233	478	252	494	465	482	319	238	161	499	217	245	328	367	393	220	139	454	132	217	258	326	297	251	211	313	295	164	183	399	264	187	188	299	170	179	263	291	211	258	234	438	168	165	262	940	209	223	471	276	136	143	247	197	220	246	182	185	225	103	151	182	262	226	188	138	1239
92	0	0	0	0	0	0	0	0	0	0	0	0	0	0	0	0	0	0	0	0	0	0	0	0	0	0	0	0	0	0	0	0	0	0	0	0	0	0	0	0	0	0	0	0	0	0	0	0	0	0	0	0	0	0	0	0	0	0	0	0	0	0	0	0	0	0	0	0	0	0	0	0	0	0	0	0	0	0	0	0	0	0	0	0	0	0	0	0	0	0	0	0	0	0	0	0
93	0	0	0	0	0	0	0	0	0	0	0	0	0	0	0	0	0	0	0	0	0	0	0	0	0	0	0	0	0	0	0	0	0	0	0	0	0	0	0	0	0	0	0	0	0	0	0	0	0	0	0	0	0	0	0	0	0	0	0	0	0	0	0	0	0	0	0	0	0	0	0	0	0	0	0	0	0	0	0	0	0	0	0	0	0	0	0	0	0	0	0	0	0	0	0	0
94	0	0	0	0	0	0	0	0	0	0	0	0	0	0	0	0	0	0	0	0	0	0	0	0	0	0	0	0	0	0	0	0	0	0	0	0	0	0	0	0	0	0	0	0	0	0	0	0	0	0	0	0	0	0	0	0	0	0	0	0	0	0	0	0	0	0	0	0	0	0	0	0	0	0	0	0	0	0	0	0	0	0	0	0	0	0	0	0	0	0	0	0	0	0	0	0
95	0	0	0	0	0	0	0	0	0	0	0	0	0	0	0	0	0	0	0	0	0	0	0	0	0	0	0	0	0	0	0	0	0	0	0	0	0	0	0	0	0	0	0	0	0	0	0	0	0	0	0	0	0	0	0	0	0	0	0	0	0	0	0	0	0	0	0	0	0	0	0	0	0	0	0	0	0	0	0	0	0	0	0	0	0	0	0	0	0	0	0	0	0	0	0	0
96	0	0	0	0	0	0	0	0	0	0	0	0	0	0	0	0	0	0	0	0	0	0	0	0	0	0	0	0	0	0	0	0	0	0	0	0	0	0	0	0	0	0	0	0	0	0	0	0	0	0	0	0	0	0	0	0	0	0	0	0	0	0	0	0	0	0	0	0	0	0	0	0	0	0	0	0	0	0	0	0	0	0	0	0	0	0	0	0	0	0	0	0	0	0	0	0
97	0	0	0	0	0	0	0	0	0	0	0	0	0	0	0	0	0	0	0	0	0	0	0	0	0	0	0	0	0	0	0	0	0	0	0	0	0	0	0	0	0	0	0	0	0	0	0	0	0	0	0	0	0	0	0	0	0	0	0	0	0	0	0	0	0	0	0	0	0	0	0	0	0	0	0	0	0	0	0	0	0	0	0	0	0	0	0	0	0	0	0	0	0	0	0	0
98	0	0	0	0	0	0	0	0	0	0	0	0	0	0	0	0	0	0	0	0	0	0	0	0	0	0	0	0	0	0	0	0	0	0	0	0	0	0	0	0	0	0	0	0	0	0	0	0	0	0	0	0	0	0	0	0	0	0	0	0	0	0	0	0	0	0	0	0	0	0	0	0	0	0	0	0	0	0	0	0	0	0	0	0	0	0	0	0	0	0	0	0	0	0	0	0
99	0	0	0	0	0	0	0	0	0	0	0	0	0	0	0	0	0	0	0	0	0	0	0	0	0	0	0	0	0	0	0	0	0	0	0	0	0	0	0	0	0	0	0	0	0	0	0	0	0	0	0	0	0	0	0	0	0	0	0	0	0	0	0	0	0	0	0	0	0	0	0	0	0	0	0	0	0	0	0	0	0	0	0	0	0	0	0	0	0	0	0	0	0	0	0	0
100	0	0	0	0	0	0	0	0	0	0	0	0	0	0	0	0	0	0	0	0	0	0	0	0	0	0	0	0	0	0	0	0	0	0	0	0	0	0	0	0	0	0	0	0	0	0	0	0	0	0	0	0	0	0	0	0	0	0	0	0	0	0	0	0	0	0	0	0	0	0	0	0	0	0	0	0	0	0	0	0	0	0	0	0	0	0	0	0	0	0	0	0	0	0	0	0
101	0	0	0	0	0	0	0	0	0	0	0	0	0	0	0	0	0	0	0	0	0	0	0	0	0	0	0	0	0	0	0	0	0	0	0	0	0	0	0	0	0	0	0	0	0	0	0	0	0	0	0	0	0	0	0	0	0	0	0	0	0	0	0	0	0	0	0	0	0	0	0	0	0	0	0	0	0	0	0	0	0	0	0	0	0	0	0	0	0	0	0	0	0	0	0	0
102	0	0	0	0	0	0	0	0	0	0	0	0	0	0	0	0	0	0	0	0	0	0	0	0	0	0	0	0	0	0	0	0	0	0	0	0	0	0	0	0	0	0	0	0	0	0	0	0	0	0	0	0	0	0	0	0	0	0	0	0	0	0	0	0	0	0	0	0	0	0	0	0	0	0	0	0	0	0	0	0	0	0	0	0	0	0	0	0	0	0	0	0	0	0	0	0
103	0	0	0	0	0	0	0	0	0	0	0	0	0	0	0	0	0	0	0	0	0	0	0	0	0	0	0	0	0	0	0	0	0	0	0	0	0	0	0	0	0	0	0	0	0	0	0	0	0	0	0	0	0	0	0	0	0	0	0	0	0	0	0	0	0	0	0	0	0	0	0	0	0	0	0	0	0	0	0	0	0	0	0	0	0	0	0	0	0	0	0	0	0	0	0	0
104	0	0	0	0	0	0	0	0	0	0	0	0	0	0	0	0	0	0	0	0	0	0	0	0	0	0	0	0	0	0	0	0	0	0	0	0	0	0	0	0	0	0	0	0	0	0	0	0	0	0	0	0	0	0	0	0	0	0	0	0	0	0	0	0	0	0	0	0	0	0	0	0	0	0	0	0	0	0	0	0	0	0	0	0	0	0	0	0	0	0	0	0	0	0	0	0
105	0	0	0	0	0	0	0	0	0	0	0	0	0	0	0	0	0	0	0	0	0	0	0	0	0	0	0	0	0	0	0	0	0	0	0	0	0	0	0	0	0	0	0	0	0	0	0	0	0	0	0	0	0	0	0	0	0	0	0	0	0	0	0	0	0	0	0	0	0	0	0	0	0	0	0	0	0	0	0	0	0	0	0	0	0	0	0	0	0	0	0	0	0	0	0	0
106	0	0	0	0	0	0	0	0	0	0	0	0	0	0	0	0	0	0	0	0	0	0	0	0	0	0	0	0	0	0	0	0	0	0	0	0	0	0	0	0	0	0	0	0	0	0	0	0	0	0	0	0	0	0	0	0	0	0	0	0	0	0	0	0	0	0	0	0	0	0	0	0	0	0	0	0	0	0	0	0	0	0	0	0	0	0	0	0	0	0	0	0	0	0	0	0
107	0	0	0	0	0	0	0	0	0	0	0	0	0	0	0	0	0	0	0	0	0	0	0	0	0	0	0	0	0	0	0	0	0	0	0	0	0	0	0	0	0	0	0	0	0	0	0	0	0	0	0	0	0	0	0	0	0	0	0	0	0	0	0	0	0	0	0	0	0	0	0	0	0	0	0	0	0	0	0	0	0	0	0	0	0	0	0	0	0	0	0	0	0	0	0	0
108	0	0	0	0	0	0	0	0	0	0	0	0	0	0	0	0	0	0	0	0	0	0	0	0	0	0	0	0	0	0	0	0	0	0	0	0	0	0	0	0	0	0	0	0	0	0	0	0	0	0	0	0	0	0	0	0	0	0	0	0	0	0	0	0	0	0	0	0	0	0	0	0	0	0	0	0	0	0	0	0	0	0	0	0	0	0	0	0	0	0	0	0	0	0	0	0
109	0	0	0	0	0	0	0	0	0	0	0	0	0	0	0	0	0	0	0	0	0	0	0	0	0	0	0	0	0	0	0	0	0	0	0	0	0	0	0	0	0	0	0	0	0	0	0	0	0	0	0	0	0	0	0	0	0	0	0	0	0	0	0	0	0	0	0	0	0	0	0	0	0	0	0	0	0	0	0	0	0	0	0	0	0	0	0	0	0	0	0	0	0	0	0	0
110	0	0	0	0	0	0	0	0	0	0	0	0	0	0	0	0	0	0	0	0	0	0	0	0	0	0	0	0	0	0	0	0	0	0	0	0	0	0	0	0	0	0	0	0	0	0	0	0	0	0	0	0	0	0	0	0	0	0	0	0	0	0	0	0	0	0	0	0	0	0	0	0	0	0	0	0	0	0	0	0	0	0	0	0	0	0	0	0	0	0	0	0	0	0	0	0
111	0	0	0	0	0	0	0	0	0	0	0	0	0	0	0	0	0	0	0	0	0	0	0	0	0	0	0	0	0	0	0	0	0	0	0	0	0	0	0	0	0	0	0	0	0	0	0	0	0	0	0	0	0	0	0	0	0	0	0	0	0	0	0	0	0	0	0	0	0	0	0	0	0	0	0	0	0	0	0	0	0	0	0	0	0	0	0	0	0	0	0	0	0	0	0	0
112	0	0	0	0	0	0	0	0	0	0	0	0	0	0	0	0	0	0	0	0	0	0	0	0	0	0	0	0	0	0	0	0	0	0	0	0	0	0	0	0	0	0	0	0	0	0	0	0	0	0	0	0	0	0	0	0	0	0	0	0	0	0	0	0	0	0	0	0	0	0	0	0	0	0	0	0	0	0	0	0	0	0	0	0	0	0	0	0	0	0	0	0	0	0	0	0
113	0	0	0	0	0	0	0	0	0	0	0	0	0	0	0	0	0	0	0	0	0	0	0	0	0	0	0	0	0	0	0	0	0	0	0	0	0	0	0	0	0	0	0	0	0	0	0	0	0	0	0	0	0	0	0	0	0	0	0	0	0	0	0	0	0	0	0	0	0	0	0	0	0	0	0	0	0	0	0	0	0	0	0	0	0	0	0	0	0	0	0	0	0	0	0	0
114	0	0	0	0	0	0	0	0	0	0	0	0	0	0	0	0	0	0	0	0	0	0	0	0	0	0	0	0	0	0	0	0	0	0	0	0	0	0	0	0	0	0	0	0	0	0	0	0	0	0	0	0	0	0	0	0	0	0	0	0	0	0	0	0	0	0	0	0	0	0	0	0	0	0	0	0	0	0	0	0	0	0	0	0	0	0	0	0	0	0	0	0	0	0	0	0
115	0	0	0	0	0	0	0	0	0	0	0	0	0	0	0	0	0	0	0	0	0	0	0	0	0	0	0	0	0	0	0	0	0	0	0	0	0	0	0	0	0	0	0	0	0	0	0	0	0	0	0	0	0	0	0	0	0	0	0	0	0	0	0	0	0	0	0	0	0	0	0	0	0	0	0	0	0	0	0	0	0	0	0	0	0	0	0	0	0	0	0	0	0	0	0	0
116	0	0	0	0	0	0	0	0	0	0	0	0	0	0	0	0	0	0	0	0	0	0	0	0	0	0	0	0	0	0	0	0	0	0	0	0	0	0	0	0	0	0	0	0	0	0	0	0	0	0	0	0	0	0	0	0	0	0	0	0	0	0	0	0	0	0	0	0	0	0	0	0	0	0	0	0	0	0	0	0	0	0	0	0	0	0	0	0	0	0	0	0	0	0	0	0
117	0	0	0	0	0	0	0	0	0	0	0	0	0	0	0	0	0	0	0	0	0	0	0	0	0	0	0	0	0	0	0	0	0	0	0	0	0	0	0	0	0	0	0	0	0	0	0	0	0	0	0	0	0	0	0	0	0	0	0	0	0	0	0	0	0	0	0	0	0	0	0	0	0	0	0	0	0	0	0	0	0	0	0	0	0	0	0	0	0	0	0	0	0	0	0	0
118	0	0	0	0	0	0	0	0	0	0	0	0	0	0	0	0	0	0	0	0	0	0	0	0	0	0	0	0	0	0	0	0	0	0	0	0	0	0	0	0	0	0	0	0	0	0	0	0	0	0	0	0	0	0	0	0	0	0	0	0	0	0	0	0	0	0	0	0	0	0	0	0	0	0	0	0	0	0	0	0	0	0	0	0	0	0	0	0	0	0	0	0	0	0	0	0
119	0	0	0	0	0	0	0	0	0	0	0	0	0	0	0	0	0	0	0	0	0	0	0	0	0	0	0	0	0	0	0	0	0	0	0	0	0	0	0	0	0	0	0	0	0	0	0	0	0	0	0	0	0	0	0	0	0	0	0	0	0	0	0	0	0	0	0	0	0	0	0	0	0	0	0	0	0	0	0	0	0	0	0	0	0	0	0	0	0	0	0	0	0	0	0	0
120	0	0	0	0	0	0	0	0	0	0	0	0	0	0	0	0	0	0	0	0	0	0	0	0	0	0	0	0	0	0	0	0	0	0	0	0	0	0	0	0	0	0	0	0	0	0	0	0	0	0	0	0	0	0	0	0	0	0	0	0	0	0	0	0	0	0	0	0	0	0	0	0	0	0	0	0	0	0	0	0	0	0	0	0	0	0	0	0	0	0	0	0	0	0	0	0
																																																																																																
Notes:																																																																																																